1.000000000000000000e+00 -0.000000000000000000e+00 0.000000000000000000e+00 -8.000000000000000000e+00 0.000000000000000000e+00 1.000000000000000000e+00 0.000000000000000000e+00 5.000000000000000000e+00 0.000000000000000000e+00 0.000000000000000000e+00 1.000000000000000000e+00 0.000000000000000000e+00
9.999999259791025885e-01 -3.847619905065237638e-04 0.000000000000000000e+00 -8.016429999999999723e+00 3.847619905065237638e-04 9.999999259791025885e-01 0.000000000000000000e+00 4.582910000000000039e+00 0.000000000000000000e+00 0.000000000000000000e+00 1.000000000000000000e+00 0.000000000000000000e+00
9.999667779305413395e-01 -8.151259731561444344e-03 0.000000000000000000e+00 -8.032679999999999154e+00 8.151259731561444344e-03 9.999667779305413395e-01 0.000000000000000000e+00 4.165820000000000078e+00 0.000000000000000000e+00 0.000000000000000000e+00 1.000000000000000000e+00 0.000000000000000000e+00
9.995278891406080835e-01 -3.072456395329680248e-02 0.000000000000000000e+00 -8.016519999999999868e+00 3.072456395329680248e-02 9.995278891406080835e-01 0.000000000000000000e+00 3.793159999999999865e+00 0.000000000000000000e+00 0.000000000000000000e+00 1.000000000000000000e+00 0.000000000000000000e+00
9.989139785465349641e-01 -4.659252584194826380e-02 0.000000000000000000e+00 -7.990169999999999995e+00 4.659252584194826380e-02 9.989139785465349641e-01 0.000000000000000000e+00 3.420700000000000074e+00 0.000000000000000000e+00 0.000000000000000000e+00 1.000000000000000000e+00 0.000000000000000000e+00
9.924116237185920397e-01 -1.229600305311757263e-01 0.000000000000000000e+00 -7.962799999999999656e+00 1.229600305311757263e-01 9.924116237185920397e-01 0.000000000000000000e+00 2.893969999999999931e+00 0.000000000000000000e+00 0.000000000000000000e+00 1.000000000000000000e+00 0.000000000000000000e+00
9.999863448588948156e-01 -5.225906213041160882e-03 0.000000000000000000e+00 -7.736309999999999576e+00 5.225906213041160882e-03 9.999863448588948156e-01 0.000000000000000000e+00 2.345120000000000093e+00 0.000000000000000000e+00 0.000000000000000000e+00 1.000000000000000000e+00 0.000000000000000000e+00
9.981611403128823889e-01 6.061631768168045109e-02 0.000000000000000000e+00 -7.727730000000000210e+00 -6.061631768168045109e-02 9.981611403128823889e-01 0.000000000000000000e+00 1.848700000000000010e+00 0.000000000000000000e+00 0.000000000000000000e+00 1.000000000000000000e+00 0.000000000000000000e+00
9.998057405870590664e-01 -1.970992362142276119e-02 0.000000000000000000e+00 -7.722220000000000084e+00 1.970992362142276119e-02 9.998057405870590664e-01 0.000000000000000000e+00 1.406320000000000014e+00 0.000000000000000000e+00 0.000000000000000000e+00 1.000000000000000000e+00 0.000000000000000000e+00
9.989685120310926036e-01 -4.540828085696253791e-02 0.000000000000000000e+00 -7.733620000000000161e+00 4.540828085696253791e-02 9.989685120310926036e-01 0.000000000000000000e+00 9.013320000000000221e-01 0.000000000000000000e+00 0.000000000000000000e+00 1.000000000000000000e+00 0.000000000000000000e+00
9.998229334908265153e-01 -1.881758926638262691e-02 0.000000000000000000e+00 -7.596339999999999648e+00 1.881758926638262691e-02 9.998229334908265153e-01 0.000000000000000000e+00 4.460450000000000248e-01 0.000000000000000000e+00 0.000000000000000000e+00 1.000000000000000000e+00 0.000000000000000000e+00
9.790143419688258630e-01 2.037913595306406478e-01 0.000000000000000000e+00 -7.665939999999999976e+00 -2.037913595306406478e-01 9.790143419688258630e-01 0.000000000000000000e+00 2.389269999999999936e-02 0.000000000000000000e+00 0.000000000000000000e+00 1.000000000000000000e+00 0.000000000000000000e+00
9.687920689645634909e-01 2.478748214550249851e-01 0.000000000000000000e+00 -7.679549999999999876e+00 -2.478748214550249851e-01 9.687920689645634909e-01 0.000000000000000000e+00 -4.376010000000000177e-01 0.000000000000000000e+00 0.000000000000000000e+00 1.000000000000000000e+00 0.000000000000000000e+00
9.696605403539761969e-01 2.444553875054400471e-01 0.000000000000000000e+00 -7.979540000000000077e+00 -2.444553875054400471e-01 9.696605403539761969e-01 0.000000000000000000e+00 -9.845850000000000435e-01 0.000000000000000000e+00 0.000000000000000000e+00 1.000000000000000000e+00 0.000000000000000000e+00
9.941526285156433440e-01 1.079840322243858231e-01 0.000000000000000000e+00 -7.927529999999999966e+00 -1.079840322243858231e-01 9.941526285156433440e-01 0.000000000000000000e+00 -1.367450000000000054e+00 0.000000000000000000e+00 0.000000000000000000e+00 1.000000000000000000e+00 0.000000000000000000e+00
9.868797231381341017e-01 1.614571523928246821e-01 0.000000000000000000e+00 -7.989329999999999821e+00 -1.614571523928246821e-01 9.868797231381341017e-01 0.000000000000000000e+00 -1.867150000000000087e+00 0.000000000000000000e+00 0.000000000000000000e+00 1.000000000000000000e+00 0.000000000000000000e+00
9.947707934388811957e-01 1.021326026349015370e-01 0.000000000000000000e+00 -8.113459999999999894e+00 -1.021326026349015370e-01 9.947707934388811957e-01 0.000000000000000000e+00 -2.142980000000000107e+00 0.000000000000000000e+00 0.000000000000000000e+00 1.000000000000000000e+00 0.000000000000000000e+00
9.940597211341754003e-01 1.088359812683535321e-01 0.000000000000000000e+00 -8.073169999999999291e+00 -1.088359812683535321e-01 9.940597211341754003e-01 0.000000000000000000e+00 -2.766020000000000145e+00 0.000000000000000000e+00 0.000000000000000000e+00 1.000000000000000000e+00 0.000000000000000000e+00
9.765877747673081810e-01 2.151193114879212109e-01 0.000000000000000000e+00 -8.243809999999999860e+00 -2.151193114879212109e-01 9.765877747673081810e-01 0.000000000000000000e+00 -3.212619999999999809e+00 0.000000000000000000e+00 0.000000000000000000e+00 1.000000000000000000e+00 0.000000000000000000e+00
9.738929776349923850e-01 2.270076388874350815e-01 0.000000000000000000e+00 -8.128420000000000201e+00 -2.270076388874350815e-01 9.738929776349923850e-01 0.000000000000000000e+00 -3.568080000000000140e+00 0.000000000000000000e+00 0.000000000000000000e+00 1.000000000000000000e+00 0.000000000000000000e+00
9.930279328585541743e-01 1.178792796154896766e-01 0.000000000000000000e+00 -8.255430000000000490e+00 -1.178792796154896766e-01 9.930279328585541743e-01 0.000000000000000000e+00 -3.537659999999999805e+00 0.000000000000000000e+00 0.000000000000000000e+00 1.000000000000000000e+00 0.000000000000000000e+00
9.994538819396046048e-01 3.304448328927216127e-02 0.000000000000000000e+00 -8.194979999999999265e+00 -3.304448328927216127e-02 9.994538819396046048e-01 0.000000000000000000e+00 -3.828860000000000152e+00 0.000000000000000000e+00 0.000000000000000000e+00 1.000000000000000000e+00 0.000000000000000000e+00
9.974480275962543940e-01 -7.139630413643029139e-02 0.000000000000000000e+00 -8.115470000000000184e+00 7.139630413643029139e-02 9.974480275962543940e-01 0.000000000000000000e+00 -4.316180000000000128e+00 0.000000000000000000e+00 0.000000000000000000e+00 1.000000000000000000e+00 0.000000000000000000e+00
9.621280946033718973e-01 -2.725977431580920429e-01 0.000000000000000000e+00 -7.951979999999999826e+00 2.725977431580920429e-01 9.621280946033718973e-01 0.000000000000000000e+00 -4.720189999999999664e+00 0.000000000000000000e+00 0.000000000000000000e+00 1.000000000000000000e+00 0.000000000000000000e+00
9.094965209853529409e-01 -4.157115325746200685e-01 0.000000000000000000e+00 -7.804269999999999818e+00 4.157115325746200685e-01 9.094965209853529409e-01 0.000000000000000000e+00 -5.148419999999999774e+00 0.000000000000000000e+00 0.000000000000000000e+00 1.000000000000000000e+00 0.000000000000000000e+00
8.457927476675402012e-01 -5.335116006170743663e-01 0.000000000000000000e+00 -7.586179999999999701e+00 5.335116006170743663e-01 8.457927476675402012e-01 0.000000000000000000e+00 -5.439479999999999649e+00 0.000000000000000000e+00 0.000000000000000000e+00 1.000000000000000000e+00 0.000000000000000000e+00
7.454184267155419263e-01 -6.665968565129347656e-01 0.000000000000000000e+00 -7.340880000000000294e+00 6.665968565129347656e-01 7.454184267155419263e-01 0.000000000000000000e+00 -5.587329999999999686e+00 0.000000000000000000e+00 0.000000000000000000e+00 1.000000000000000000e+00 0.000000000000000000e+00
6.735811300908720600e-01 -7.391132938768614213e-01 0.000000000000000000e+00 -7.114819999999999922e+00 7.391132938768614213e-01 6.735811300908720600e-01 0.000000000000000000e+00 -5.718329999999999913e+00 0.000000000000000000e+00 0.000000000000000000e+00 1.000000000000000000e+00 0.000000000000000000e+00
4.964256160826164832e-01 -8.680792634874966440e-01 0.000000000000000000e+00 -6.736989999999999590e+00 8.680792634874966440e-01 4.964256160826164832e-01 0.000000000000000000e+00 -5.917119999999999713e+00 0.000000000000000000e+00 0.000000000000000000e+00 1.000000000000000000e+00 0.000000000000000000e+00
3.099841172885539620e-01 -9.507417351882876400e-01 0.000000000000000000e+00 -6.312770000000000437e+00 9.507417351882876400e-01 3.099841172885539620e-01 0.000000000000000000e+00 -6.194519999999999804e+00 0.000000000000000000e+00 0.000000000000000000e+00 1.000000000000000000e+00 0.000000000000000000e+00
-2.165055297350304275e-01 9.762813916049787322e-01 0.000000000000000000e+00 -5.997230000000000061e+00 -9.762813916049787322e-01 -2.165055297350304275e-01 0.000000000000000000e+00 -6.288179999999999659e+00 0.000000000000000000e+00 0.000000000000000000e+00 1.000000000000000000e+00 0.000000000000000000e+00
-1.110541248495015149e-01 9.938143596033975902e-01 0.000000000000000000e+00 -5.503980000000000317e+00 -9.938143596033975902e-01 -1.110541248495015149e-01 0.000000000000000000e+00 -6.317050000000000054e+00 0.000000000000000000e+00 0.000000000000000000e+00 1.000000000000000000e+00 0.000000000000000000e+00
-4.378966641324850279e-02 9.990407724990089111e-01 0.000000000000000000e+00 -5.134649999999999714e+00 -9.990407724990089111e-01 -4.378966641324850279e-02 0.000000000000000000e+00 -6.325840000000000352e+00 0.000000000000000000e+00 0.000000000000000000e+00 1.000000000000000000e+00 0.000000000000000000e+00
2.195140336065422582e-01 9.756093424367080491e-01 0.000000000000000000e+00 -4.897540000000000227e+00 -9.756093424367080491e-01 2.195140336065422582e-01 0.000000000000000000e+00 -6.421610000000000262e+00 0.000000000000000000e+00 0.000000000000000000e+00 1.000000000000000000e+00 0.000000000000000000e+00
4.402672725940349197e-01 8.978667655518883794e-01 0.000000000000000000e+00 -4.536800000000000388e+00 -8.978667655518883794e-01 4.402672725940349197e-01 0.000000000000000000e+00 -6.120420000000000194e+00 0.000000000000000000e+00 0.000000000000000000e+00 1.000000000000000000e+00 0.000000000000000000e+00
5.871959671497576361e-01 8.094448073606135274e-01 0.000000000000000000e+00 -4.143110000000000070e+00 -8.094448073606135274e-01 5.871959671497576361e-01 0.000000000000000000e+00 -5.876439999999999664e+00 0.000000000000000000e+00 0.000000000000000000e+00 1.000000000000000000e+00 0.000000000000000000e+00
7.313663719023442145e-01 6.819847725942287386e-01 0.000000000000000000e+00 -3.943550000000000111e+00 -6.819847725942287386e-01 7.313663719023442145e-01 0.000000000000000000e+00 -5.572809999999999597e+00 0.000000000000000000e+00 0.000000000000000000e+00 1.000000000000000000e+00 0.000000000000000000e+00
8.422499408597841075e-01 5.390872258936304506e-01 0.000000000000000000e+00 -3.582899999999999974e+00 -5.390872258936304506e-01 8.422499408597841075e-01 0.000000000000000000e+00 -5.313950000000000173e+00 0.000000000000000000e+00 0.000000000000000000e+00 1.000000000000000000e+00 0.000000000000000000e+00
8.545321028545862507e-01 5.193985802742618896e-01 0.000000000000000000e+00 -3.280930000000000124e+00 -5.193985802742618896e-01 8.545321028545862507e-01 0.000000000000000000e+00 -5.032449999999999868e+00 0.000000000000000000e+00 0.000000000000000000e+00 1.000000000000000000e+00 0.000000000000000000e+00
8.787831543012258884e-01 4.772212984731379892e-01 0.000000000000000000e+00 -2.977269999999999861e+00 -4.772212984731379892e-01 8.787831543012258884e-01 0.000000000000000000e+00 -4.589990000000000236e+00 0.000000000000000000e+00 0.000000000000000000e+00 1.000000000000000000e+00 0.000000000000000000e+00
-8.827877039771334644e-01 -4.697721465846830258e-01 0.000000000000000000e+00 -3.104989999999999917e+00 4.697721465846830258e-01 -8.827877039771334644e-01 0.000000000000000000e+00 -4.740140000000000242e+00 0.000000000000000000e+00 0.000000000000000000e+00 1.000000000000000000e+00 0.000000000000000000e+00
9.550473099814748013e-01 2.964534292214356936e-01 0.000000000000000000e+00 -2.909079999999999888e+00 -2.964534292214356936e-01 9.550473099814748013e-01 0.000000000000000000e+00 -4.058519999999999683e+00 0.000000000000000000e+00 0.000000000000000000e+00 1.000000000000000000e+00 0.000000000000000000e+00
9.941593216148756351e-01 1.079223945539120461e-01 0.000000000000000000e+00 -2.868580000000000130e+00 -1.079223945539120461e-01 9.941593216148756351e-01 0.000000000000000000e+00 -3.641080000000000094e+00 0.000000000000000000e+00 0.000000000000000000e+00 1.000000000000000000e+00 0.000000000000000000e+00
9.999396940512643717e-01 1.098217923109527996e-02 0.000000000000000000e+00 -2.730570000000000164e+00 -1.098217923109527996e-02 9.999396940512643717e-01 0.000000000000000000e+00 -3.125100000000000211e+00 0.000000000000000000e+00 0.000000000000000000e+00 1.000000000000000000e+00 0.000000000000000000e+00
9.964475282725711036e-01 -8.421593316875114477e-02 0.000000000000000000e+00 -2.662119999999999820e+00 8.421593316875114477e-02 9.964475282725711036e-01 0.000000000000000000e+00 -2.609389999999999876e+00 0.000000000000000000e+00 0.000000000000000000e+00 1.000000000000000000e+00 0.000000000000000000e+00
9.930486642316428414e-01 -1.177045048744946032e-01 0.000000000000000000e+00 -2.809219999999999828e+00 1.177045048744946032e-01 9.930486642316428414e-01 0.000000000000000000e+00 -2.157020000000000159e+00 0.000000000000000000e+00 0.000000000000000000e+00 1.000000000000000000e+00 0.000000000000000000e+00
9.942326934785844506e-01 -1.072443528504840454e-01 0.000000000000000000e+00 -2.920049999999999812e+00 1.072443528504840454e-01 9.942326934785844506e-01 0.000000000000000000e+00 -1.799469999999999903e+00 0.000000000000000000e+00 0.000000000000000000e+00 1.000000000000000000e+00 0.000000000000000000e+00
9.838834131092193402e-01 -1.788111557161725373e-01 0.000000000000000000e+00 -2.793089999999999851e+00 1.788111557161725373e-01 9.838834131092193402e-01 0.000000000000000000e+00 -1.238350000000000062e+00 0.000000000000000000e+00 0.000000000000000000e+00 1.000000000000000000e+00 0.000000000000000000e+00
9.714443681493999394e-01 -2.372674431750236845e-01 0.000000000000000000e+00 -2.949580000000000091e+00 2.372674431750236845e-01 9.714443681493999394e-01 0.000000000000000000e+00 -7.993449999999999722e-01 0.000000000000000000e+00 0.000000000000000000e+00 1.000000000000000000e+00 0.000000000000000000e+00
9.833563640465383671e-01 -1.816872623195468217e-01 0.000000000000000000e+00 -3.079730000000000079e+00 1.816872623195468217e-01 9.833563640465383671e-01 0.000000000000000000e+00 -2.464439999999999964e-01 0.000000000000000000e+00 0.000000000000000000e+00 1.000000000000000000e+00 0.000000000000000000e+00
9.857145767049880769e-01 -1.684243844320236494e-01 0.000000000000000000e+00 -3.100200000000000067e+00 1.684243844320236494e-01 9.857145767049880769e-01 0.000000000000000000e+00 1.901079999999999992e-01 0.000000000000000000e+00 0.000000000000000000e+00 1.000000000000000000e+00 0.000000000000000000e+00
9.996013765201370305e-01 -2.823274798965417359e-02 0.000000000000000000e+00 -3.284100000000000019e+00 2.823274798965417359e-02 9.996013765201370305e-01 0.000000000000000000e+00 6.264359999999999928e-01 0.000000000000000000e+00 0.000000000000000000e+00 1.000000000000000000e+00 0.000000000000000000e+00
9.949540238648604262e-01 -1.003319011836351082e-01 0.000000000000000000e+00 -3.278929999999999900e+00 1.003319011836351082e-01 9.949540238648604262e-01 0.000000000000000000e+00 1.083700000000000108e+00 0.000000000000000000e+00 0.000000000000000000e+00 1.000000000000000000e+00 0.000000000000000000e+00
9.998327023745373632e-01 -1.829117990808091718e-02 0.000000000000000000e+00 -3.209830000000000183e+00 1.829117990808091718e-02 9.998327023745373632e-01 0.000000000000000000e+00 1.354459999999999997e+00 0.000000000000000000e+00 0.000000000000000000e+00 1.000000000000000000e+00 0.000000000000000000e+00
9.998356415481607362e-01 1.812980667237603857e-02 0.000000000000000000e+00 -3.347109999999999808e+00 -1.812980667237603857e-02 9.998356415481607362e-01 0.000000000000000000e+00 1.741200000000000081e+00 0.000000000000000000e+00 0.000000000000000000e+00 1.000000000000000000e+00 0.000000000000000000e+00
9.966122073345843324e-01 8.224419852905985595e-02 0.000000000000000000e+00 -3.165230000000000210e+00 -8.224419852905985595e-02 9.966122073345843324e-01 0.000000000000000000e+00 2.245750000000000135e+00 0.000000000000000000e+00 0.000000000000000000e+00 1.000000000000000000e+00 0.000000000000000000e+00
9.905420112740747074e-01 1.372097806321069258e-01 0.000000000000000000e+00 -3.125739999999999963e+00 -1.372097806321069258e-01 9.905420112740747074e-01 0.000000000000000000e+00 2.828139999999999876e+00 0.000000000000000000e+00 0.000000000000000000e+00 1.000000000000000000e+00 0.000000000000000000e+00
9.711596631407074520e-01 2.384300918265719327e-01 0.000000000000000000e+00 -3.178179999999999783e+00 -2.384300918265719327e-01 9.711596631407074520e-01 0.000000000000000000e+00 3.227549999999999919e+00 0.000000000000000000e+00 0.000000000000000000e+00 1.000000000000000000e+00 0.000000000000000000e+00
9.993706756550232440e-01 3.547185702528571349e-02 0.000000000000000000e+00 -3.095499999999999918e+00 -3.547185702528571349e-02 9.993706756550232440e-01 0.000000000000000000e+00 3.768440000000000012e+00 0.000000000000000000e+00 0.000000000000000000e+00 1.000000000000000000e+00 0.000000000000000000e+00
9.894817618385801650e-01 1.446576751811643191e-01 0.000000000000000000e+00 -3.071000000000000174e+00 -1.446576751811643191e-01 9.894817618385801650e-01 0.000000000000000000e+00 4.173840000000000217e+00 0.000000000000000000e+00 0.000000000000000000e+00 1.000000000000000000e+00 0.000000000000000000e+00
-2.828687259137604992e-01 9.591586333344062076e-01 0.000000000000000000e+00 -3.180800000000000072e+00 -9.591586333344062076e-01 -2.828687259137604992e-01 0.000000000000000000e+00 4.105680000000000440e+00 0.000000000000000000e+00 0.000000000000000000e+00 1.000000000000000000e+00 0.000000000000000000e+00
9.951489402434618992e-01 9.837980856006293962e-02 0.000000000000000000e+00 -3.215289999999999981e+00 -9.837980856006293962e-02 9.951489402434618992e-01 0.000000000000000000e+00 4.530300000000000438e+00 0.000000000000000000e+00 0.000000000000000000e+00 1.000000000000000000e+00 0.000000000000000000e+00
9.998771214874839774e-01 -1.567615788078470865e-02 0.000000000000000000e+00 -3.160439999999999916e+00 1.567615788078470865e-02 9.998771214874839774e-01 0.000000000000000000e+00 4.919520000000000337e+00 0.000000000000000000e+00 0.000000000000000000e+00 1.000000000000000000e+00 0.000000000000000000e+00
9.933494970148430969e-01 -1.151380770221487743e-01 0.000000000000000000e+00 -3.169840000000000213e+00 1.151380770221487743e-01 9.933494970148430969e-01 0.000000000000000000e+00 5.447320000000000384e+00 0.000000000000000000e+00 0.000000000000000000e+00 1.000000000000000000e+00 0.000000000000000000e+00
9.559209206070995446e-01 -2.936242386889667544e-01 0.000000000000000000e+00 -3.340619999999999923e+00 2.936242386889667544e-01 9.559209206070995446e-01 0.000000000000000000e+00 5.924089999999999634e+00 0.000000000000000000e+00 0.000000000000000000e+00 1.000000000000000000e+00 0.000000000000000000e+00
9.149719198601534709e-01 -4.035175161841488833e-01 0.000000000000000000e+00 -3.673000000000000043e+00 4.035175161841488833e-01 9.149719198601534709e-01 0.000000000000000000e+00 6.302599999999999980e+00 0.000000000000000000e+00 0.000000000000000000e+00 1.000000000000000000e+00 0.000000000000000000e+00
9.056373557297777710e-01 -4.240530390255161097e-01 0.000000000000000000e+00 -3.939709999999999823e+00 4.240530390255161097e-01 9.056373557297777710e-01 0.000000000000000000e+00 6.891210000000000058e+00 0.000000000000000000e+00 0.000000000000000000e+00 1.000000000000000000e+00 0.000000000000000000e+00
8.537681845912730161e-01 -5.206533270610320674e-01 0.000000000000000000e+00 -4.224059999999999704e+00 5.206533270610320674e-01 8.537681845912730161e-01 0.000000000000000000e+00 7.347970000000000113e+00 0.000000000000000000e+00 0.000000000000000000e+00 1.000000000000000000e+00 0.000000000000000000e+00
7.259112213573677419e-01 -6.877884112919137038e-01 0.000000000000000000e+00 -4.533590000000000231e+00 6.877884112919137038e-01 7.259112213573677419e-01 0.000000000000000000e+00 7.474660000000000082e+00 0.000000000000000000e+00 0.000000000000000000e+00 1.000000000000000000e+00 0.000000000000000000e+00
5.440591098372785650e-01 -8.390468908249812952e-01 0.000000000000000000e+00 -4.962329999999999686e+00 8.390468908249812952e-01 5.440591098372785650e-01 0.000000000000000000e+00 7.656950000000000145e+00 0.000000000000000000e+00 0.000000000000000000e+00 1.000000000000000000e+00 0.000000000000000000e+00
-3.026517596958943068e-01 9.531012078226418494e-01 0.000000000000000000e+00 -5.327200000000000379e+00 -9.531012078226418494e-01 -3.026517596958943068e-01 0.000000000000000000e+00 7.903089999999999726e+00 0.000000000000000000e+00 0.000000000000000000e+00 1.000000000000000000e+00 0.000000000000000000e+00
-1.576729429155889206e-01 9.874913888598408906e-01 0.000000000000000000e+00 -5.997530000000000250e+00 -9.874913888598408906e-01 -1.576729429155889206e-01 0.000000000000000000e+00 7.902929999999999566e+00 0.000000000000000000e+00 0.000000000000000000e+00 1.000000000000000000e+00 0.000000000000000000e+00
9.334025631300497949e-02 9.956342684698143985e-01 0.000000000000000000e+00 -6.419260000000000410e+00 -9.956342684698143985e-01 9.334025631300497949e-02 0.000000000000000000e+00 7.788470000000000226e+00 0.000000000000000000e+00 0.000000000000000000e+00 1.000000000000000000e+00 0.000000000000000000e+00
2.742948263771411432e-01 9.616456458710422872e-01 0.000000000000000000e+00 -6.911819999999999631e+00 -9.616456458710422872e-01 2.742948263771411432e-01 0.000000000000000000e+00 7.834500000000000242e+00 0.000000000000000000e+00 0.000000000000000000e+00 1.000000000000000000e+00 0.000000000000000000e+00
4.393422364492828303e-01 8.983197644890946743e-01 0.000000000000000000e+00 -7.219710000000000072e+00 -8.983197644890946743e-01 4.393422364492828303e-01 0.000000000000000000e+00 7.644599999999999618e+00 0.000000000000000000e+00 0.000000000000000000e+00 1.000000000000000000e+00 0.000000000000000000e+00
6.595946457297121590e-01 7.516215160070229828e-01 0.000000000000000000e+00 -7.635600000000000165e+00 -7.516215160070229828e-01 6.595946457297121590e-01 0.000000000000000000e+00 7.327449999999999797e+00 0.000000000000000000e+00 0.000000000000000000e+00 1.000000000000000000e+00 0.000000000000000000e+00
7.617482699452252648e-01 6.478731150738208378e-01 0.000000000000000000e+00 -7.933189999999999742e+00 -6.478731150738208378e-01 7.617482699452252648e-01 0.000000000000000000e+00 7.097620000000000040e+00 0.000000000000000000e+00 0.000000000000000000e+00 1.000000000000000000e+00 0.000000000000000000e+00
9.575291729424461051e-01 2.883364058944954400e-01 0.000000000000000000e+00 -8.122400000000000730e+00 -2.883364058944954400e-01 9.575291729424461051e-01 0.000000000000000000e+00 6.706839999999999691e+00 0.000000000000000000e+00 0.000000000000000000e+00 1.000000000000000000e+00 0.000000000000000000e+00
9.900576803233114287e-01 1.406619693905347690e-01 0.000000000000000000e+00 -8.265779999999999461e+00 -1.406619693905347690e-01 9.900576803233114287e-01 0.000000000000000000e+00 6.313419999999999810e+00 0.000000000000000000e+00 0.000000000000000000e+00 1.000000000000000000e+00 0.000000000000000000e+00
9.939725535197545536e-01 1.096292061880345253e-01 0.000000000000000000e+00 -8.199820000000000775e+00 -1.096292061880345253e-01 9.939725535197545536e-01 0.000000000000000000e+00 5.924179999999999779e+00 0.000000000000000000e+00 0.000000000000000000e+00 1.000000000000000000e+00 0.000000000000000000e+00
9.998715174923417104e-01 -1.602961345640510973e-02 0.000000000000000000e+00 -8.183569999999999567e+00 1.602961345640510973e-02 9.998715174923417104e-01 0.000000000000000000e+00 5.917089999999999961e+00 0.000000000000000000e+00 0.000000000000000000e+00 1.000000000000000000e+00 0.000000000000000000e+00
9.950426566848316057e-01 9.944903909838603839e-02 0.000000000000000000e+00 -8.181680000000000064e+00 -9.944903909838603839e-02 9.950426566848316057e-01 0.000000000000000000e+00 5.394519999999999982e+00 0.000000000000000000e+00 0.000000000000000000e+00 1.000000000000000000e+00 0.000000000000000000e+00
9.990607092233696473e-01 4.333242765063633622e-02 0.000000000000000000e+00 -8.267680000000000362e+00 -4.333242765063633622e-02 9.990607092233696473e-01 0.000000000000000000e+00 4.869749999999999801e+00 0.000000000000000000e+00 0.000000000000000000e+00 1.000000000000000000e+00 0.000000000000000000e+00
9.969102618055891707e-01 -7.854890137176762099e-02 0.000000000000000000e+00 -8.219549999999999912e+00 7.854890137176762099e-02 9.969102618055891707e-01 0.000000000000000000e+00 4.355970000000000120e+00 0.000000000000000000e+00 0.000000000000000000e+00 1.000000000000000000e+00 0.000000000000000000e+00
9.918305356936595318e-01 -1.275624884737997511e-01 0.000000000000000000e+00 -8.161250000000000782e+00 1.275624884737997511e-01 9.918305356936595318e-01 0.000000000000000000e+00 3.940970000000000084e+00 0.000000000000000000e+00 0.000000000000000000e+00 1.000000000000000000e+00 0.000000000000000000e+00
9.874432010571152496e-01 -1.579744431421660489e-01 0.000000000000000000e+00 -8.095459999999999212e+00 1.579744431421660489e-01 9.874432010571152496e-01 0.000000000000000000e+00 3.357400000000000162e+00 0.000000000000000000e+00 0.000000000000000000e+00 1.000000000000000000e+00 0.000000000000000000e+00
9.998440556570948878e-01 -1.765968196690150330e-02 0.000000000000000000e+00 -8.000679999999999126e+00 1.765968196690150330e-02 9.998440556570948878e-01 0.000000000000000000e+00 2.742579999999999796e+00 0.000000000000000000e+00 0.000000000000000000e+00 1.000000000000000000e+00 0.000000000000000000e+00
9.999820535338963534e-01 5.991044160385738601e-03 0.000000000000000000e+00 -7.900470000000000326e+00 -5.991044160385738601e-03 9.999820535338963534e-01 0.000000000000000000e+00 2.031610000000000138e+00 0.000000000000000000e+00 0.000000000000000000e+00 1.000000000000000000e+00 0.000000000000000000e+00
9.999905165234334037e-01 -4.355096232796752502e-03 0.000000000000000000e+00 -7.870280000000000165e+00 4.355096232796752502e-03 9.999905165234334037e-01 0.000000000000000000e+00 1.580200000000000049e+00 0.000000000000000000e+00 0.000000000000000000e+00 1.000000000000000000e+00 0.000000000000000000e+00
9.944337148005911731e-01 -1.053640682011498797e-01 0.000000000000000000e+00 -7.864440000000000097e+00 1.053640682011498797e-01 9.944337148005911731e-01 0.000000000000000000e+00 9.960020000000000540e-01 0.000000000000000000e+00 0.000000000000000000e+00 1.000000000000000000e+00 0.000000000000000000e+00
9.997382070202665005e-01 2.288050313919457596e-02 0.000000000000000000e+00 -7.836009999999999920e+00 -2.288050313919457596e-02 9.997382070202665005e-01 0.000000000000000000e+00 3.524329999999999963e-01 0.000000000000000000e+00 0.000000000000000000e+00 1.000000000000000000e+00 0.000000000000000000e+00
9.858598950112325010e-01 1.675716784198383880e-01 0.000000000000000000e+00 -7.789310000000000400e+00 -1.675716784198383880e-01 9.858598950112325010e-01 0.000000000000000000e+00 -1.003430000000000016e-01 0.000000000000000000e+00 0.000000000000000000e+00 1.000000000000000000e+00 0.000000000000000000e+00
9.788282818137203911e-01 2.046831569074503976e-01 0.000000000000000000e+00 -7.937160000000000437e+00 -2.046831569074503976e-01 9.788282818137203911e-01 0.000000000000000000e+00 -6.423830000000000373e-01 0.000000000000000000e+00 0.000000000000000000e+00 1.000000000000000000e+00 0.000000000000000000e+00
9.897523978831967995e-01 1.427942256691852041e-01 0.000000000000000000e+00 -7.998940000000000161e+00 -1.427942256691852041e-01 9.897523978831967995e-01 0.000000000000000000e+00 -1.066999999999999948e+00 0.000000000000000000e+00 0.000000000000000000e+00 1.000000000000000000e+00 0.000000000000000000e+00
9.919445602126152339e-01 1.266727652836291684e-01 0.000000000000000000e+00 -8.116899999999999338e+00 -1.266727652836291684e-01 9.919445602126152339e-01 0.000000000000000000e+00 -1.687599999999999989e+00 0.000000000000000000e+00 0.000000000000000000e+00 1.000000000000000000e+00 0.000000000000000000e+00
9.991878513506740056e-01 -4.029438811079409655e-02 0.000000000000000000e+00 -8.416169999999999263e+00 4.029438811079409655e-02 9.991878513506740056e-01 0.000000000000000000e+00 -2.203889999999999905e+00 0.000000000000000000e+00 0.000000000000000000e+00 1.000000000000000000e+00 0.000000000000000000e+00
9.984531339575527520e-01 5.559981376174993190e-02 0.000000000000000000e+00 -8.407130000000000436e+00 -5.559981376174993190e-02 9.984531339575527520e-01 0.000000000000000000e+00 -2.761340000000000128e+00 0.000000000000000000e+00 0.000000000000000000e+00 1.000000000000000000e+00 0.000000000000000000e+00
9.609763612911140784e-01 2.766304991133302638e-01 0.000000000000000000e+00 -8.429880000000000706e+00 -2.766304991133302638e-01 9.609763612911140784e-01 0.000000000000000000e+00 -3.317559999999999842e+00 0.000000000000000000e+00 0.000000000000000000e+00 1.000000000000000000e+00 0.000000000000000000e+00
9.786853799031224321e-01 2.053653504461766810e-01 0.000000000000000000e+00 -8.627649999999999153e+00 -2.053653504461766810e-01 9.786853799031224321e-01 0.000000000000000000e+00 -3.999830000000000219e+00 0.000000000000000000e+00 0.000000000000000000e+00 1.000000000000000000e+00 0.000000000000000000e+00
9.786080933518627178e-01 2.057333216234838447e-01 0.000000000000000000e+00 -8.559620000000000672e+00 -2.057333216234838447e-01 9.786080933518627178e-01 0.000000000000000000e+00 -4.460359999999999658e+00 0.000000000000000000e+00 0.000000000000000000e+00 1.000000000000000000e+00 0.000000000000000000e+00
9.938537957186286409e-01 1.107006446940324712e-01 0.000000000000000000e+00 -8.658120000000000260e+00 -1.107006446940324712e-01 9.938537957186286409e-01 0.000000000000000000e+00 -4.456839999999999691e+00 0.000000000000000000e+00 0.000000000000000000e+00 1.000000000000000000e+00 0.000000000000000000e+00
9.973256219244194254e-01 7.308627677662896116e-02 0.000000000000000000e+00 -8.624850000000000350e+00 -7.308627677662896116e-02 9.973256219244194254e-01 0.000000000000000000e+00 -4.943399999999999572e+00 0.000000000000000000e+00 0.000000000000000000e+00 1.000000000000000000e+00 0.000000000000000000e+00
9.997106130590991402e-01 -2.405597923594443230e-02 0.000000000000000000e+00 -8.426510000000000389e+00 2.405597923594443230e-02 9.997106130590991402e-01 0.000000000000000000e+00 -5.314379999999999882e+00 0.000000000000000000e+00 0.000000000000000000e+00 1.000000000000000000e+00 0.000000000000000000e+00
9.805886293253410768e-01 -1.960763627718774826e-01 0.000000000000000000e+00 -8.251920000000000144e+00 1.960763627718774826e-01 9.805886293253410768e-01 0.000000000000000000e+00 -5.726560000000000095e+00 0.000000000000000000e+00 0.000000000000000000e+00 1.000000000000000000e+00 0.000000000000000000e+00
9.180728609317336808e-01 -3.964116824976550157e-01 0.000000000000000000e+00 -8.144140000000000157e+00 3.964116824976550157e-01 9.180728609317336808e-01 0.000000000000000000e+00 -6.199040000000000106e+00 0.000000000000000000e+00 0.000000000000000000e+00 1.000000000000000000e+00 0.000000000000000000e+00
8.483406733138220135e-01 -5.294507550296354559e-01 0.000000000000000000e+00 -7.848209999999999908e+00 5.294507550296354559e-01 8.483406733138220135e-01 0.000000000000000000e+00 -6.392019999999999591e+00 0.000000000000000000e+00 0.000000000000000000e+00 1.000000000000000000e+00 0.000000000000000000e+00
7.735186034027105029e-01 -6.337735953713441450e-01 0.000000000000000000e+00 -7.578780000000000072e+00 6.337735953713441450e-01 7.735186034027105029e-01 0.000000000000000000e+00 -6.637260000000000382e+00 0.000000000000000000e+00 0.000000000000000000e+00 1.000000000000000000e+00 0.000000000000000000e+00
6.395573569316228557e-01 -7.687433818867234203e-01 0.000000000000000000e+00 -7.408680000000000376e+00 7.687433818867234203e-01 6.395573569316228557e-01 0.000000000000000000e+00 -6.887120000000000353e+00 0.000000000000000000e+00 0.000000000000000000e+00 1.000000000000000000e+00 0.000000000000000000e+00
4.616073797324426464e-01 -8.870843403964182583e-01 0.000000000000000000e+00 -7.021119999999999806e+00 8.870843403964182583e-01 4.616073797324426464e-01 0.000000000000000000e+00 -7.086079999999999934e+00 0.000000000000000000e+00 0.000000000000000000e+00 1.000000000000000000e+00 0.000000000000000000e+00
3.562545130241454028e-01 -9.343889564576033369e-01 0.000000000000000000e+00 -6.728720000000000034e+00 9.343889564576033369e-01 3.562545130241454028e-01 0.000000000000000000e+00 -7.265419999999999767e+00 0.000000000000000000e+00 0.000000000000000000e+00 1.000000000000000000e+00 0.000000000000000000e+00
-2.244159650552564056e-01 9.744934451438439504e-01 0.000000000000000000e+00 -6.282259999999999955e+00 -9.744934451438439504e-01 -2.244159650552564056e-01 0.000000000000000000e+00 -7.389450000000000074e+00 0.000000000000000000e+00 0.000000000000000000e+00 1.000000000000000000e+00 0.000000000000000000e+00
-1.365457630034210279e-01 9.906337641155855689e-01 0.000000000000000000e+00 -5.879100000000000215e+00 -9.906337641155855689e-01 -1.365457630034210279e-01 0.000000000000000000e+00 -7.411839999999999762e+00 0.000000000000000000e+00 0.000000000000000000e+00 1.000000000000000000e+00 0.000000000000000000e+00
-6.119541379542284970e-02 9.981258043605559793e-01 0.000000000000000000e+00 -5.406909999999999883e+00 -9.981258043605559793e-01 -6.119541379542284970e-02 0.000000000000000000e+00 -7.441740000000000244e+00 0.000000000000000000e+00 0.000000000000000000e+00 1.000000000000000000e+00 0.000000000000000000e+00
9.177699611649831057e-02 9.957795855428209775e-01 0.000000000000000000e+00 -4.828839999999999577e+00 -9.957795855428209775e-01 9.177699611649831057e-02 0.000000000000000000e+00 -7.407460000000000377e+00 0.000000000000000000e+00 0.000000000000000000e+00 1.000000000000000000e+00 0.000000000000000000e+00
3.570953186883608632e-01 9.340679490116647887e-01 0.000000000000000000e+00 -4.611679999999999779e+00 -9.340679490116647887e-01 3.570953186883608632e-01 0.000000000000000000e+00 -7.280700000000000394e+00 0.000000000000000000e+00 0.000000000000000000e+00 1.000000000000000000e+00 0.000000000000000000e+00
5.369152358753923604e-01 8.436361949826902684e-01 0.000000000000000000e+00 -4.305900000000000283e+00 -8.436361949826902684e-01 5.369152358753923604e-01 0.000000000000000000e+00 -7.065470000000000361e+00 0.000000000000000000e+00 0.000000000000000000e+00 1.000000000000000000e+00 0.000000000000000000e+00
7.164004601157333285e-01 6.976893153445633544e-01 0.000000000000000000e+00 -3.983760000000000190e+00 -6.976893153445633544e-01 7.164004601157333285e-01 0.000000000000000000e+00 -6.574270000000000280e+00 0.000000000000000000e+00 0.000000000000000000e+00 1.000000000000000000e+00 0.000000000000000000e+00
7.795714772134729742e-01 6.263132697901294677e-01 0.000000000000000000e+00 -3.576010000000000133e+00 -6.263132697901294677e-01 7.795714772134729742e-01 0.000000000000000000e+00 -6.149919999999999831e+00 0.000000000000000000e+00 0.000000000000000000e+00 1.000000000000000000e+00 0.000000000000000000e+00
8.517515833997535424e-01 5.239458370633482964e-01 0.000000000000000000e+00 -3.379750000000000032e+00 -5.239458370633482964e-01 8.517515833997535424e-01 0.000000000000000000e+00 -5.993649999999999700e+00 0.000000000000000000e+00 0.000000000000000000e+00 1.000000000000000000e+00 0.000000000000000000e+00
-9.088729093641949586e-01 -4.170731765815967607e-01 0.000000000000000000e+00 -3.279180000000000206e+00 4.170731765815967607e-01 -9.088729093641949586e-01 0.000000000000000000e+00 -5.458359999999999879e+00 0.000000000000000000e+00 0.000000000000000000e+00 1.000000000000000000e+00 0.000000000000000000e+00
